Threads: 1	Real time: 7.627801s	 User time: 7.648953s	 System time: 0.000000s
Threads: 2	Real time: 3.883724s	 User time: 7.740809s	 System time: 0.004006s
Threads: 4	Real time: 2.766997s	 User time: 7.802790s	 System time: 0.003956s
Threads: 8	Real time: 2.694238s	 User time: 7.819125s	 System time: 0.003963s
